1.0 -4641.317317317317 21542076.076076075
1.1 -4612.420420420421 21274895.91991992
1.2 -4668.104104104104 21792168.95295295
1.3 -4629.781781781782 21436801.921921924
1.4 -4622.922922922923 21372199.607607607
1.5 -4560.448448448448 20799488.672672674
1.6 -4485.721721721722 20123851.73973974
1.7000000000000002 -4404.008008008008 19398507.57957958
1.8 -4263.67967967968 18184401.61761762
1.9 -4151.65965965966 17241763.635635637
2.0 -3988.056056056056 15911205.397397397
2.1 -3810.674674674675 14531228.38038038
2.2 -3535.4394394394394 12511263.935935935
2.3 -3226.6586586586586 10428016.208208209
2.4000000000000004 -2973.069069069069 8854640.816816816
2.5 -2735.4474474474473 7495294.43043043
2.6 -2546.978978978979 6497454.03003003
2.7 -2384.4284284284286 5696136.248248248
2.8 -2253.165165165165 5086175.231231231
2.9000000000000004 -2140.2482482482483 4590397.933933934
3.0 -2033.5935935935936 4144380.2522522523
