1.0 -4705.441441441441 22142140.73273273
1.1 -4616.184184184184 21309684.724724725
1.2 -4683.847847847848 21939202.8988989
1.3 -4506.414414414415 20308494.142142143
1.4 -4605.121121121121 21208392.312312312
1.5 -4545.001001001001 20659325.757757757
1.6 -4495.3673673673675 20210396.892892893
1.7000000000000002 -4415.5995995996 19500323.235235237
1.8 -4284.4004004004 18361139.61961962
1.9 -4167.975975975976 17377917.05305305
2.0 -3992.8208208208207 15950370.930930931
2.1 -3793.961961961962 14405963.691691691
2.2 -3534.5465465465463 12508943.35935936
2.3 -3220.1761761761763 10384565.317317318
2.4000000000000004 -2958.074074074074 8763452.236236237
2.5 -2738.5985985985985 7514987.387387387
2.6 -2552.704704704705 6527318.998998999
2.7 -2394.986986986987 5746583.863863864
2.8 -2260.1481481481483 5118161.937937938
2.9000000000000004 -2144.5445445445444 4608930.498498498
3.0 -2037.7817817817818 4161728.5765765766
