1.0 -4992.856856856857 0.2553882579326265 0.02601102323383093 0.0015126008401030293 2498.1781781781783 0.06619512015858939 0.001747461174428463 0.00010551172299998833
1.1 -4985.177177177177 0.35703926658538526 0.042014788221721805 0.002315737386544115 2496.186186186186 0.09314525656323636 0.0031454615958712317 0.00017633215699907823
1.2 -4972.412412412413 0.49065680419754476 0.06667280783048934 0.003347743118900607 2492.800800800801 0.13156186461914454 0.005752205324669679 0.0002877603972912745
1.3 -4952.448448448448 0.6369271364128809 0.09573007210648271 0.004311757590503008 2487.4554554554556 0.17546165332543384 0.009444449916768533 0.00046719733103189794
1.4 -4920.772772772772 0.8531306086608147 0.14809164663130533 0.006824254755267845 2478.6826826826828 0.2456247036939272 0.01718587456324271 0.0008746063443854133
1.5 -4879.223223223224 1.0543164170774144 0.1970221281223827 0.008669202817688983 2466.7927927927926 0.3143229367175935 0.0262673628586034 0.0012327570214255542
1.6 -4819.65965965966 1.286090893876901 0.2576670865056803 0.011819929969008559 2448.9169169169168 0.4103767375652612 0.04197600202821195 0.0021917680363505764
1.7000000000000002 -4746.178178178178 1.5584523296671924 0.33515429398695895 0.014689164914060063 2425.4994994994995 0.5473820050742447 0.07028905370064518 0.0038212864101880455
1.8 -4647.463463463463 1.8512176358636436 0.42181841303306955 0.018684308032959177 2391.837837837838 0.698610049678215 0.10813162712256114 0.005248657140301022
1.9 -4520.776776776776 2.2173072319504437 0.5431254214023619 0.024143167864718883 2344.812812812813 0.958973847837389 0.19302586712943096 0.009951355893888455
2.0 -4363.67967967968 2.6724048948826944 0.7120329827323556 0.03136531098317199 2279.053053053053 1.3536551954655638 0.3653774150526151 0.017256293688249942
2.1 -4161.525525525525 3.2762036270475363 0.9706413078929832 0.04752532076782516 2172.6246246246246 2.66539436583551 1.3491469058076895 0.17956234940781488
2.2 -3867.943943943944 4.231094170987377 1.475080109933191 0.06355832473380679 1956.7027027027027 5.147427001680999 4.803007862899791 0.3167106040219434
2.3 -3402.6186186186187 5.368841610329065 2.173006858933992 0.08918105742599884 1191.1331331331332 19.179786617562257 63.784520049317706 3.53552107603445
2.4000000000000004 -3011.4514514514512 4.241477568338374 1.2455680260397233 0.05601048745110528 175.66566566566567 20.091270999545024 67.07476615487691 2.523183680260792
2.5 -2770.734734734735 3.807961262715613 0.9252532343353629 0.03786749777887291 -118.85085085085085 13.692165660591574 29.90610591019448 1.1196535275642912
2.6 -2573.8858858858857 3.5377705138326427 0.7383600755188526 0.03113170227329876 4.206206206206206 9.794296031240469 14.713930164244479 0.5899748129500912
2.7 -2412.1481481481483 3.131893655685758 0.5365893780789625 0.025239882911397536 14.048048048048049 7.266134968215875 7.798278529447031 0.3419379014392546
2.8 -2268.4844844844847 3.302727648041782 0.554862081954845 0.023689435227001166 -9.551551551551551 6.186284058825555 5.450762633361233 0.23772847638839198
2.9000000000000004 -2152.5685685685685 3.0528082690878904 0.44193525525782246 0.019385074575057747 11.043043043043044 5.746092882338865 4.540491546601656 0.19328481230584987
3.0 -2037.053053053053 2.948085183361814 0.3851173924230246 0.01714829819214832 -5.891891891891892 5.270655027868721 3.6928657089521955 0.17588547555988632
