1.0 2498.12012012012 6240608.316316316 -4992.660660660661 24926722.45045045
1.1 2496.1141141141143 6230594.502502503 -4984.876876876877 24849125.141141143
1.2 2492.8548548548547 6214341.481481481 -4972.588588588588 24726861.261261262
1.3 2486.834834834835 6184381.74974975 -4950.262262262262 24505545.60960961
1.4 2478.1781781781783 6141426.930930931 -4919.323323323323 24200437.50950951
1.5 2465.97997997998 6081161.965965966 -4877.065065065065 23786910.990990993
1.6 2448.7167167167167 5996388.3003003 -4819.571571571571 23229970.066066068
1.7000000000000002 2425.2352352352355 5882055.203203203 -4745.877877877878 22525862.038038038
1.8 2391.057057057057 5717692.568568569 -4645.88988988989 21587862.63063063
1.9 2344.292292292292 5496743.575575575 -4521.96996996997 20453525.013013013
2.0 2275.70970970971 5180701.76976977 -4357.585585585585 18995634.4984985
2.1 2168.5865865865867 4707318.122122122 -4153.653653653653 17263768.776776776
2.2 1986.6226226226227 3964144.6726726727 -3885.1171171171172 15109762.082082082
2.3 1146.0740740740741 1907285.3253253254 -3417.905905905906 11708109.517517518
2.4000000000000004 -101.65765765765765 359164.012012012 -3010.098098098098 9077763.491491491
2.5 -37.45945945945946 163277.7057057057 -2755.003003003003 7604652.108108108
2.6 39.23523523523524 89803.96396396396 -2576.4284284284286 6650593.009009009
2.7 -6.672672672672673 62525.75375375376 -2406.5865865865867 5803605.189189189
2.8 -30.886886886886888 43309.77377377378 -2272.912912912913 5176158.9429429425
2.9000000000000004 -9.153153153153154 36536.96096096096 -2148.7847847847847 4627329.009009009
3.0 -14.158158158158159 29405.317317317316 -2044.996996996997 4190605.101101101
