1.0 -4638.71071071071 0.5240887068135459 0.10953809625506401 0.004653314938968522
1.1 -4556.468468468468 0.5106296941258712 0.08593742726509235 0.0039633898657090725
1.2 -4676.788788788789 0.8831666023421966 0.2160122440300054 0.01113195878683609
1.3 -4500.644644644644 0.7775040068846405 0.14265078068661266 0.006000334798936505
1.4 -4470.558558558559 0.9410755946962995 0.1801974064522252 0.00826058303429916
1.5 -4556.24024024024 1.2251187708502682 0.2660292901509338 0.011537353109251188
1.6 -4468.804804804805 1.8100289088085473 0.5103717681643319 0.023830947027711574
1.7000000000000002 -4396.924924924925 1.940192697334159 0.5194544536741545 0.02586802347098506
1.8 -4297.697697697698 2.050882824948825 0.5177168161624375 0.022259073990205006
1.9 -4166.27027027027 2.3960669040988862 0.6342292460914793 0.030992745391626
2.0 -3990.974974974975 2.7109966780347365 0.7327461836211384 0.0315870429904134
2.1 -3772.3043043043044 3.3100734144704673 0.9908142602002743 0.04624601463399397
2.2 -3525.193193193193 3.634254269983522 1.0882804882332435 0.04865088474052548
2.3 -3232.42042042042 3.866561886938093 1.127067288341307 0.048783109550746113
2.4000000000000004 -2970.958958958959 3.861016378809839 1.0321347262064873 0.04503565644686065
2.5 -2729.2972972972975 3.5659652650236984 0.8113902512241006 0.0363594502979171
2.6 -2552.068068068068 3.3113652880790494 0.6468790311833634 0.028171018960077433
2.7 -2394.834834834835 3.3301144180416395 0.6066614075115943 0.027519854210628095
2.8 -2265.86986986987 3.1193456736214333 0.4949559295562344 0.024249605243618688
2.9000000000000004 -2138.014014014014 3.0425824568281894 0.4389795647635524 0.01884822880397342
3.0 -2034.7587587587589 3.037107844810353 0.4087271654258793 0.01797888278763593
