0 0.0384 0.0412 0.0336 
50 0.0 0.0 0.0 
100 0.0 0.0 0.0 
150 0.0 0.0 0.0 
200 0.0 0.0 0.0 
250 0.0 0.0 0.0 
300 0.0 0.0 0.0 
350 0.0 0.0 0.0 
400 0.0 0.0 0.0 
450 0.0 0.0 0.0 
500 0.0 0.0 0.0 
550 0.0 0.0 0.0 
600 0.0 0.0 0.0 
650 0.0 0.0 0.0 
700 0.0 0.0 0.0 
750 0.0 0.0 0.0 
800 0.0 0.0 0.0 
850 0.0 0.0 0.0 
900 0.0008 0.0012 0.0 
950 0.004 0.0088 0.0 
1000 0.0056 0.0164 0.0 
1050 0.0072 0.0216 0.0 
1100 0.0096 0.0236 0.0 
1150 0.0204 0.0268 0.0 
1200 0.0236 0.0388 0.0 
1250 0.034 0.0452 0.0008 
1300 0.0516 0.0492 0.0112 
1350 0.0776 0.0596 0.0188 
1400 0.1152 0.072 0.0352 
1450 0.1424 0.092 0.0468 
1500 0.164 0.098 0.0648 
1550 0.1704 0.0956 0.0836 
1600 0.1756 0.0872 0.1124 
1650 0.1828 0.08 0.1544 
1700 0.196 0.0748 0.1892 
1750 0.2044 0.0672 0.2188 
1800 0.2104 0.0624 0.2444 
1850 0.2244 0.0724 0.272 
1900 0.2584 0.0784 0.2984 
1950 0.2784 0.0848 0.3152 
2000 0.2996 0.0856 0.3248 
2050 0.316 0.0912 0.3388 
2100 0.322 0.1012 0.3552 
2150 0.3268 0.11 0.3696 
2200 0.3204 0.1192 0.3824 
2250 0.3224 0.1312 0.3928 
2300 0.314 0.1468 0.3908 
2350 0.3064 0.1628 0.3892 
2400 0.2988 0.186 0.3908 
2450 0.2892 0.1992 0.3936 
2500 0.2884 0.216 0.386 
2550 0.2876 0.2336 0.3796 
2600 0.282 0.2488 0.3716 
2650 0.282 0.2676 0.3572 
2700 0.2812 0.288 0.3464 
2750 0.2808 0.304 0.3392 
2800 0.2708 0.3152 0.3328 
2850 0.2648 0.3276 0.3324 
2900 0.2552 0.3404 0.3256 
2950 0.244 0.3492 0.3344 
3000 0.234 0.3664 0.3412 
3050 0.228 0.3756 0.3448 
3100 0.214 0.3848 0.3512 
3150 0.2072 0.3884 0.3536 
3200 0.1972 0.4 0.356 
3250 0.1844 0.4072 0.3584 
3300 0.1732 0.4152 0.3624 
3350 0.1552 0.4288 0.364 
3400 0.1444 0.4352 0.3708 
3450 0.1332 0.4452 0.3756 
3500 0.1312 0.4568 0.3716 
3550 0.1272 0.472 0.3588 
3600 0.1236 0.4832 0.3524 
3650 0.1208 0.4948 0.346 
3700 0.1184 0.502 0.3392 
3750 0.1124 0.5068 0.34 
3800 0.1128 0.5144 0.3344 
3850 0.1096 0.516 0.3352 
3900 0.108 0.5164 0.3364 
3950 0.1108 0.5172 0.3348 
4000 0.1124 0.5184 0.3312 
4050 0.1156 0.5188 0.3284 
4100 0.1224 0.5144 0.3256 
4150 0.1244 0.5172 0.318 
4200 0.1332 0.514 0.314 
4250 0.1388 0.5168 0.3112 
4300 0.146 0.5108 0.306 
4350 0.1564 0.5088 0.2984 
4400 0.166 0.5032 0.296 
4450 0.1784 0.502 0.288 
4500 0.186 0.5028 0.2788 
4550 0.1932 0.5008 0.2728 
4600 0.1996 0.5028 0.2648 
4650 0.2088 0.5008 0.2576 
4700 0.2188 0.4952 0.2508 
4750 0.2244 0.4936 0.2484 
4800 0.2324 0.4908 0.24 
4850 0.2428 0.4876 0.2368 
4900 0.2484 0.4812 0.2368 
4950 0.2528 0.4792 0.236 
5000 0.2644 0.4656 0.2416 
5050 0.274 0.4568 0.2412 
5100 0.2764 0.4524 0.2428 
5150 0.2824 0.4408 0.2488 
5200 0.292 0.4292 0.2516 
5250 0.296 0.42 0.2548 
5300 0.3056 0.4068 0.2584 
5350 0.3116 0.39 0.2676 
5400 0.32 0.3756 0.2764 
5450 0.3196 0.3676 0.282 
5500 0.3304 0.346 0.2964 
5550 0.3372 0.3308 0.3044 
5600 0.3392 0.318 0.3096 
5650 0.348 0.3044 0.3172 
5700 0.3548 0.2932 0.3252 
5750 0.3604 0.2824 0.332 
5800 0.358 0.2784 0.338 
5850 0.3568 0.2728 0.3448 
5900 0.3576 0.2696 0.35 
5950 0.3512 0.2644 0.3584 
6000 0.3464 0.2596 0.3664 
6050 0.3424 0.26 0.3712 
6100 0.3396 0.2556 0.382 
6150 0.332 0.2568 0.3872 
6200 0.3232 0.2552 0.3956 
6250 0.3156 0.2536 0.4064 
6300 0.306 0.2544 0.4144 
6350 0.294 0.2532 0.4244 
6400 0.2836 0.2576 0.434 
6450 0.272 0.2576 0.4472 
6500 0.2576 0.2552 0.46 
6550 0.2488 0.2608 0.4672 
6600 0.2364 0.2624 0.4776 
6650 0.2288 0.2632 0.4856 
6700 0.2208 0.2676 0.4896 
6750 0.2196 0.2712 0.4868 
6800 0.2132 0.2776 0.4912 
6850 0.2144 0.2784 0.4884 
6900 0.212 0.2856 0.4812 
6950 0.2124 0.2904 0.4768 
7000 0.2112 0.2944 0.476 
7050 0.2088 0.302 0.468 
7100 0.2084 0.3084 0.4612 
7150 0.2116 0.318 0.452 
7200 0.21 0.3224 0.45 
7250 0.2132 0.33 0.4396 
7300 0.22 0.3396 0.426 
7350 0.2184 0.346 0.4208 
7400 0.2236 0.352 0.4096 
7450 0.2276 0.368 0.3888 
7500 0.2316 0.3768 0.3784 
7550 0.238 0.384 0.3644 
7600 0.2432 0.3932 0.35 
7650 0.2484 0.4004 0.34 
7700 0.2536 0.4124 0.322 
7750 0.2544 0.42 0.3136 
7800 0.2636 0.4268 0.2968 
7850 0.2708 0.4296 0.2892 
7900 0.2696 0.436 0.2832 
7950 0.2784 0.436 0.274 
8000 0.2848 0.4364 0.2676 
8050 0.2908 0.4344 0.2656 
8100 0.296 0.4352 0.2576 
8150 0.3032 0.4328 0.2536 
8200 0.312 0.4288 0.2484 
8250 0.3192 0.426 0.2452 
8300 0.3264 0.4204 0.2432 
8350 0.3352 0.4136 0.2396 
8400 0.346 0.4016 0.242 
8450 0.352 0.3956 0.2412 
8500 0.3664 0.3804 0.2416 
8550 0.3792 0.3652 0.2428 
8600 0.392 0.3524 0.2444 
8650 0.4012 0.3432 0.2444 
8700 0.4152 0.3284 0.2456 
8750 0.4272 0.3144 0.2464 
8800 0.4392 0.306 0.242 
8850 0.4564 0.2888 0.2432 
8900 0.462 0.2808 0.2456 
8950 0.4664 0.2752 0.2472 
9000 0.4788 0.2672 0.2424 
9050 0.4856 0.2576 0.2448 
9100 0.4852 0.256 0.2492 
9150 0.4936 0.25 0.246 
9200 0.4992 0.244 0.2444 
9250 0.5 0.24 0.2488 
9300 0.5024 0.238 0.248 
9350 0.5052 0.2368 0.2476 
9400 0.5048 0.2344 0.2504 
9450 0.5 0.236 0.2532 
9500 0.4968 0.238 0.2548 
9550 0.4952 0.2376 0.2568 
9600 0.4916 0.2372 0.26 
9650 0.4824 0.2416 0.2636 
9700 0.4812 0.2428 0.2636 
9750 0.4804 0.2428 0.2644 
9800 0.4728 0.2476 0.2696 
9850 0.474 0.2476 0.2668 
9900 0.472 0.2452 0.272 
9950 0.4688 0.2432 0.278 
10000 0.4664 0.2488 0.2748 
10050 0.462 0.2468 0.2808 
10100 0.4596 0.2452 0.2844 
10150 0.4584 0.2452 0.2864 
10200 0.456 0.2464 0.2884 
10250 0.4528 0.2468 0.2884 
10300 0.4488 0.2444 0.2948 
10350 0.4448 0.2484 0.2952 
10400 0.4424 0.252 0.2944 
10450 0.4432 0.2452 0.2988 
10500 0.4324 0.2524 0.3036 
10550 0.434 0.254 0.3012 
10600 0.4292 0.2564 0.3032 
10650 0.4252 0.26 0.3024 
10700 0.4228 0.2596 0.3056 
10750 0.4192 0.2648 0.3044 
10800 0.4144 0.2624 0.3112 
10850 0.4128 0.262 0.3116 
10900 0.4052 0.2652 0.3176 
10950 0.3968 0.2684 0.322 
11000 0.3888 0.2724 0.3272 
11050 0.3848 0.272 0.3324 
11100 0.3808 0.278 0.3304 
11150 0.372 0.2796 0.3364 
11200 0.3688 0.2836 0.3372 
11250 0.3676 0.2848 0.3368 
11300 0.3596 0.2872 0.3436 
11350 0.356 0.29 0.3408 
11400 0.3508 0.294 0.3428 
11450 0.3512 0.2916 0.3456 
11500 0.3468 0.2972 0.3452 
11550 0.344 0.2984 0.3456 
11600 0.3444 0.2988 0.3464 
11650 0.3384 0.302 0.3472 
11700 0.3416 0.3012 0.3456 
11750 0.3392 0.3056 0.3436 
11800 0.34 0.302 0.3452 
11850 0.3328 0.3064 0.3484 
11900 0.3336 0.3104 0.3428 
11950 0.33 0.3148 0.3436 
12000 0.3264 0.3228 0.3396 
12050 0.33 0.3248 0.3328 
12100 0.3284 0.3312 0.3292 
12150 0.3232 0.3332 0.3332 
12200 0.3264 0.3376 0.3252 
12250 0.3256 0.3376 0.3244 
12300 0.3248 0.3416 0.3232 
12350 0.3236 0.3444 0.3224 
12400 0.3208 0.3448 0.3228 
12450 0.3212 0.346 0.3208 
12500 0.3176 0.3464 0.3236 
12550 0.3168 0.3464 0.3256 
12600 0.3124 0.348 0.3248 
12650 0.3128 0.346 0.3292 
12700 0.3056 0.3512 0.332 
12750 0.3072 0.3496 0.3316 
12800 0.3092 0.3488 0.3296 
12850 0.3088 0.3512 0.3276 
12900 0.3104 0.3512 0.3272 
12950 0.3164 0.3504 0.322 
13000 0.3152 0.3512 0.3212 
13050 0.3232 0.3448 0.3208 
13100 0.3264 0.3432 0.3184 
13150 0.3352 0.3316 0.3212 
13200 0.3364 0.3348 0.3176 
13250 0.3368 0.334 0.3184 
13300 0.342 0.3272 0.3192 
13350 0.3432 0.3276 0.3184 
13400 0.3432 0.3296 0.316 
13450 0.3476 0.3276 0.3156 
13500 0.346 0.3244 0.316 
13550 0.3484 0.3228 0.3164 
13600 0.3492 0.3308 0.3088 
13650 0.3508 0.332 0.3064 
13700 0.3516 0.3292 0.3072 
13750 0.352 0.3328 0.304 
13800 0.352 0.33 0.306 
13850 0.35 0.3304 0.3076 
13900 0.3492 0.3292 0.3096 
13950 0.3532 0.3308 0.3036 
14000 0.352 0.3256 0.31 
14050 0.3508 0.3208 0.3156 
14100 0.3508 0.322 0.3164 
14150 0.3448 0.3204 0.3248 
14200 0.3376 0.3216 0.3284 
14250 0.334 0.3208 0.334 
14300 0.3368 0.3176 0.3356 
14350 0.3316 0.3192 0.3384 
14400 0.3296 0.318 0.34 
14450 0.3272 0.3192 0.3432 
14500 0.3288 0.316 0.3456 
14550 0.3284 0.3144 0.3464 
14600 0.324 0.3172 0.3468 
14650 0.3284 0.3116 0.3476 
14700 0.33 0.3104 0.348 
14750 0.3304 0.306 0.3496 
14800 0.3332 0.3088 0.346 
14850 0.3332 0.3044 0.3516 
14900 0.332 0.3036 0.3528 
14950 0.3316 0.3064 0.35 
15000 0.3292 0.3072 0.3512 
15050 0.3272 0.3096 0.352 
15100 0.3228 0.3144 0.3504 
15150 0.3236 0.3124 0.3504 
15200 0.3216 0.3232 0.344 
15250 0.3188 0.326 0.3428 
15300 0.322 0.334 0.3324 
15350 0.3188 0.3356 0.3344 
15400 0.3196 0.3348 0.3348 
15450 0.32 0.3416 0.3268 
15500 0.3192 0.3408 0.3288 
15550 0.3172 0.342 0.3296 
15600 0.3156 0.3468 0.3288 
15650 0.3164 0.3456 0.324 
15700 0.3164 0.3476 0.324 
15750 0.3084 0.35 0.3304 
15800 0.3072 0.3488 0.332 
15850 0.3072 0.3512 0.3292 
15900 0.3044 0.3512 0.3332 
15950 0.3056 0.3512 0.3308 
16000 0.3076 0.3488 0.332 
16050 0.3076 0.35 0.33 
16100 0.3028 0.3532 0.3316 
16150 0.3108 0.3516 0.3252 
16200 0.316 0.3488 0.3228 
16250 0.3172 0.3492 0.3228 
16300 0.3248 0.3444 0.32 
16350 0.3288 0.3376 0.3212 
16400 0.3332 0.3332 0.3224 
16450 0.3348 0.3368 0.3188 
16500 0.3376 0.332 0.3196 
16550 0.3384 0.3296 0.3196 
16600 0.344 0.326 0.3196 
16650 0.3456 0.3288 0.316 
16700 0.346 0.3292 0.3144 
16750 0.346 0.324 0.3172 
16800 0.3464 0.3276 0.3132 
16850 0.3476 0.33 0.3104 
16900 0.3484 0.3308 0.3064 
16950 0.3468 0.3336 0.3084 
17000 0.3516 0.3324 0.3048 
17050 0.3528 0.3316 0.304 
17100 0.3488 0.332 0.3068 
17150 0.3512 0.3288 0.308 
17200 0.3512 0.328 0.3096 
17250 0.3512 0.3228 0.3136 
17300 0.3516 0.3224 0.3124 
17350 0.3448 0.3216 0.322 
17400 0.3432 0.3192 0.3252 
17450 0.3336 0.3224 0.3328 
17500 0.3336 0.3192 0.3356 
17550 0.3356 0.3192 0.3344 
17600 0.3264 0.32 0.342 
17650 0.3292 0.318 0.3416 
17700 0.3292 0.3184 0.3416 
17750 0.3272 0.3168 0.3472 
17800 0.324 0.316 0.3468 
17850 0.3248 0.3148 0.348 
17900 0.3296 0.3092 0.35 
17950 0.3316 0.3064 0.3496 
18000 0.3288 0.3084 0.3504 
18050 0.3344 0.304 0.35 
18100 0.33 0.3068 0.3508 
18150 0.3328 0.3076 0.348 
18200 0.3288 0.3088 0.35 
18250 0.332 0.3028 0.3528 
18300 0.3256 0.3112 0.3512 
18350 0.3216 0.3168 0.3488 
18400 0.3236 0.316 0.3504 
18450 0.3196 0.3244 0.3444 
18500 0.3212 0.328 0.338 
18550 0.322 0.334 0.3332 
18600 0.318 0.3356 0.3368 
18650 0.3192 0.3372 0.3336 
18700 0.3188 0.3388 0.33 
18750 0.3204 0.3444 0.3252 
18800 0.3152 0.346 0.3284 
18850 0.314 0.3456 0.33 
18900 0.3172 0.3456 0.3244 
18950 0.3132 0.3456 0.3276 
19000 0.31 0.3484 0.33 
19050 0.306 0.35 0.3304 
19100 0.3088 0.3464 0.3336 
19150 0.3048 0.3524 0.3316 
19200 0.3036 0.3528 0.332 
19250 0.3076 0.3488 0.3312 
19300 0.3084 0.3504 0.3296 
19350 0.308 0.352 0.3288 
19400 0.3136 0.3508 0.324 
19450 0.312 0.3516 0.3228 
19500 0.3208 0.3452 0.3224 
19550 0.3264 0.344 0.3176 
19600 0.332 0.334 0.3224 
19650 0.3348 0.334 0.3196 
19700 0.3348 0.3356 0.3188 
19750 0.342 0.3264 0.32 
19800 0.3412 0.33 0.3172 
19850 0.3428 0.3292 0.3176 
19900 0.3468 0.328 0.3164 
19950 0.3452 0.3252 0.3164 
